1.534
1.5416
1.5423
1.55445
1.5812
1.59425
1.6169
1.62035
1.63135
1.63465
1.64355
1.65055
1.6549
1.6559
1.6574
1.6623
1.66925
1.6871
1.68775
1.6883
1.69375
1.69505
1.6974
1.69875
1.701
1.705
1.7068
1.70905
1.71335
1.7138
1.72475
1.72515
1.7264
1.72645
1.72665
1.73105
1.7321
1.735
1.73545
1.73615
1.7374
1.7387
1.74165
1.74235
1.7453
1.74575
1.74915
1.75085
1.75125
1.7556
1.7582
1.7586
1.7599
1.7625
1.76375
1.76815
1.76855
1.7687
1.76995
1.77035
1.7708
1.7735
1.77585
1.7765
1.77765
1.77795
1.7782
1.7799
1.78005
1.7805
1.7848
1.78505
1.7869
1.78735
1.788
1.7913
1.7942
1.79425
1.7948
1.79645
1.8006
1.80595
1.8068
1.80815
1.80895
1.80905
1.80965
1.81115
1.8116
1.8146
1.81625
1.8207
1.8218
1.8227
1.8234
1.824
1.8247
1.82705
1.8279
1.829
1.8301
1.8341
1.83515
1.8356
1.8373
1.8415
1.84275
1.8429
1.84315
1.8432
1.84545
1.84555
1.8461
1.8468
1.85015
1.85025
1.8511
1.85205
1.85275
1.85385
1.8543
1.85515
1.8557
1.8558
1.85645
1.8565
1.85735
1.8575
1.85795
1.85915
1.8596
1.8597
1.86175
1.8619
1.8621
1.8623
1.8644
1.86455
1.8649
1.86545
1.86685
1.86825
1.86825
1.8689
1.86925
1.86935
1.8695
1.8696
1.8701
1.8703
1.87125
1.87355
1.87355
1.87535
1.8756
1.87565
1.8765
1.87695
1.87725
1.87845
1.87985
1.88165
1.8817
1.88205
1.8828
1.8829
1.8833
1.8856
1.8857
1.8861
1.8865
1.88725
1.8888
1.88925
1.8921
1.8924
1.89295
1.89325
1.8952
1.8954
1.896
1.89795
1.8988
1.8993
1.90025
1.90075
1.90075
1.9026
1.90305
1.9034
1.904
1.9052
1.90615
1.90665
1.90685
1.908
1.9081
1.90815
1.9088
1.9092
1.91035
1.9107
1.9108
1.9116
1.9131
1.9142
1.9161
1.9182
1.9188
1.9189
1.9196
1.92005
1.9201
1.9219
1.9231
1.92415
1.92495
1.9255
1.9268
1.9274
1.92765
1.928
1.92865
1.92905
1.9296
1.9309
1.9316
1.93185
1.9319
1.93325
1.9353
1.9363
1.93655
1.9368
1.93765
1.9378
1.93835
1.93855
1.93905
1.9396
1.9399
1.94
1.94215
1.94235
1.9429
1.94305
1.9431
1.9431
1.9431
1.94315
1.94325
1.94345
1.9441
1.9446
1.94475
1.9454
1.94745
1.9484
1.9498
1.9503
1.95075
1.9528
1.9539
1.9542
1.9547
1.95505
1.9551
1.95525
1.95555
1.95805
1.9581
1.9582
1.95945
1.9596
1.96085
1.9612
1.9618
1.9626
1.96265
1.963
1.96325
1.96325
1.96335
1.9638
1.96445
1.9659
1.9675
1.96815
1.9683
1.9695
1.96985
1.96985
1.9709
1.97095
1.971
1.97135
1.9716
1.9739
1.974
1.97535
1.97545
1.9756
1.9765
1.9783
1.97895
1.98055
1.9809
1.9811
1.9818
1.98375
1.9842
1.9849
1.9854
1.98585
1.9866
1.98675
1.9868
1.987
1.9874
1.9875
1.98805
1.98935
1.99115
1.99215
1.99285
1.99355
1.99365
1.99455
1.9948
1.99495
1.9951
1.9965
1.9965
1.9968
1.9973
1.99735
1.998
2.00045
2.00075
2.002
2.0023
2.0024
2.00295
2.00345
2.00365
2.0038
2.0053
2.0053
2.0056
2.00705
2.0085
2.009
2.00985
2.01085
2.0113
2.013
2.0137
2.01415
2.0154
2.01565
2.01585
2.01635
2.0167
2.017
2.01705
2.01735
2.01845
2.01945
2.02035
2.0205
2.02115
2.02165
2.02195
2.0245
2.02455
2.0248
2.0251
2.02555
2.0258
2.0258
2.02615
2.0264
2.02685
2.02685
2.02795
2.02795
2.02815
2.02815
2.02825
2.0291
2.0295
2.02985
2.03005
2.0307
2.03245
2.03355
2.03375
2.03385
2.0343
2.03465
2.03535
2.036
2.0361
2.0366
2.0376
2.0376
2.03765
2.03795
2.0389
2.03955
2.0418
2.0424
2.0439
2.04405
2.0452
2.0455
2.04595
2.04595
2.04615
2.04685
2.047
2.04855
2.0489
2.04975
2.04995
2.05095
2.05095
2.05135
2.0519
2.05245
2.0531
2.05375
2.05405
2.0544
2.05455
2.0552
2.0557
2.05575
2.05625
2.05725
2.0582
2.05875
2.05885
2.05965
2.0598
2.06005
2.0606
2.0609
2.0616
2.0624
2.0626
2.06295
2.06505
2.0652
2.0658
2.067
2.0672
2.0673
2.06765
2.06785
2.06915
2.06955
2.07005
2.07055
2.07095
2.0714
2.0714
2.0718
2.07275
2.0734
2.0736
2.0739
2.0747
2.075
2.0764
2.07665
2.07725
2.0776
2.07765
2.0777
2.07835
2.0787
2.0788
2.07945
2.08155
2.08165
2.08205
2.08215
2.08225
2.08255
2.08265
2.0833
2.0836
2.08395
2.0843
2.08455
2.0856
2.0869
2.0876
2.0876
2.08855
2.08915
2.0892
2.09
2.09015
2.091
2.091
2.09195
2.0926
2.0945
2.0947
2.095
2.09565
2.0957
2.0964
2.09715
2.0975
2.09875
2.09995
2.101
2.1013
2.1013
2.10175
2.1023
2.10265
2.10335
2.10345
2.104
2.1042
2.10495
2.1054
2.10655
2.1066
2.10685
2.10775
2.1092
2.10945
2.10955
2.10965
2.1104
2.11135
2.1122
2.1134
2.11385
2.11425
2.115
2.11575
2.11645
2.1167
2.11715
2.11765
2.11765
2.11815
2.119
2.1198
2.11985
2.12135
2.1215
2.1217
2.1219
2.12195
2.12215
2.1249
2.12505
2.1251
2.12555
2.1256
2.1265
2.12695
2.1274
2.1288
2.1289
2.12915
2.1293
2.13005
2.1308
2.1321
2.133
2.13335
2.13625
2.137
2.13735
2.1377
2.1386
2.13915
2.1403
2.14035
2.14035
2.14035
2.1405
2.14245
2.14315
2.14565
2.14585
2.14625
2.14665
2.1467
2.1469
2.1477
2.1484
2.14855
2.14875
2.14975
2.1498
2.14985
2.1505
2.1515
2.15235
2.15255
2.15435
2.1546
2.1551
2.156
2.15615
2.15825
2.1585
2.159
2.1593
2.15955
2.16095
2.16255
2.1648
2.16555
2.1659
2.1682
2.16845
2.16865
2.1689
2.1698
2.1699
2.1701
2.1706
2.1706
2.17115
2.17145
2.1716
2.17195
2.1734
2.1741
2.17565
2.17585
2.17635
2.17765
2.1787
2.17885
2.17925
2.1793
2.17935
2.17945
2.1795
2.1803
2.18115
2.18145
2.18165
2.18185
2.1819
2.18195
2.18225
2.18265
2.1836
2.18375
2.18425
2.1846
2.18465
2.18595
2.187
2.1887
2.18875
2.18975
2.18995
2.19065
2.19075
2.19195
2.1923
2.19295
2.19325
2.1933
2.19435
2.1947
2.1948
2.19505
2.19525
2.1973
2.1984
2.1985
2.1988
2.19885
2.19995
2.2003
2.20135
2.2019
2.2025
2.20255
2.20405
2.2058
2.206
2.2065
2.2087
2.20895
2.2091
2.20985
2.21025
2.2103
2.21245
2.2138
2.21505
2.2162
2.21685
2.21745
2.2209
2.22105
2.22145
2.22345
2.22365
2.2245
2.2255
2.2257
2.22575
2.2258
2.22785
2.22865
2.2291
2.22945
2.22945
2.22955
2.22965
2.23
2.2333
2.2333
2.23385
2.2343
2.2354
2.23565
2.2374
2.2375
2.23815
2.23845
2.2389
2.23915
2.2396
2.24005
2.24035
2.2419
2.24255
2.24295
2.24425
2.2446
2.2479
2.2485
2.24855
2.2486
2.25015
2.2507
2.25075
2.25095
2.25165
2.25335
2.2535
2.2541
2.2542
2.25445
2.25465
2.25505
2.25695
2.2573
2.25955
2.2599
2.2606
2.26165
2.26195
2.26205
2.26275
2.2629
2.2632
2.26375
2.26415
2.2649
2.26595
2.267
2.2671
2.26735
2.26765
2.26775
2.26855
2.2686
2.27005
2.27035
2.27075
2.27415
2.275
2.27715
2.2786
2.27925
2.27965
2.28015
2.28245
2.28315
2.2834
2.28415
2.28695
2.28695
2.2879
2.2882
2.28855
2.29075
2.29235
2.2926
2.29395
2.2944
2.29605
2.297
2.2976
2.29955
2.30105
2.3012
2.30295
2.30295
2.3032
2.3038
2.30745
2.30985
2.3102
2.31095
2.31205
2.3123
2.313
2.3138
2.3148
2.3156
2.31585
2.317
2.3174
2.31825
2.3183
2.31875
2.31915
2.31995
2.3202
2.3215
2.323
2.3232
2.3232
2.3234
2.3236
2.32595
2.3278
2.32805
2.3287
2.3302
2.33125
2.33375
2.3341
2.3341
2.33415
2.3346
2.33525
2.33615
2.33625
2.3364
2.33655
2.337
2.337
2.3372
2.33865
2.33935
2.3401
2.34055
2.341
2.34295
2.34695
2.3475
2.34955
2.3508
2.3517
2.35275
2.354
2.355
2.35605
2.35805
2.35815
2.35815
2.3597
2.36155
2.3617
2.36195
2.36335
2.36385
2.36755
2.36945
2.3699
2.3705
2.37165
2.3772
2.3779
2.37835
2.3796
2.38185
2.38555
2.3861
2.38735
2.38855
2.39075
2.3914
2.39335
2.39445
2.39535
2.3955
2.39655
2.3987
2.39985
2.40215
2.4023
2.40455
2.40735
2.4082
2.40865
2.4089
2.4118
2.41195
2.41195
2.41245
2.41395
2.42035
2.42265
2.42345
2.42515
2.4314
2.43365
2.434
2.43425
2.4351
2.43515
2.4423
2.4423
2.44395
2.4441
2.4465
2.44885
2.45535
2.45555
2.4556
2.45685
2.4579
2.4581
2.46175
2.4665
2.469
2.47265
2.47575
2.4849
2.49195
2.4956
2.498
2.4984
2.4991
2.50475
2.50555
2.5065
2.5093
2.51105
2.51935
2.52595
2.5296
2.52965
2.53385
2.5342
2.54515
2.54865
2.55095
2.553
2.55645
2.5594
2.5696
2.57735
2.58745
2.6014
2.6035
2.6039
2.6344
2.63535
2.64175
2.66025
2.6673
2.6712
2.68105
2.68395
2.68575
2.70585
2.70595
2.71825
2.72125
2.72715
2.7505
2.7753
2.7785
2.79855
2.80275
2.80285
2.8425
2.85605
